1700177538698 2.3005285263061523 0
1700177539716 0.47534921765327454 10
1700177540730 0.3648955225944519 20
1700177541753 0.3401547372341156 30
1700177542768 0.33305513858795166 40
1700177543801 0.33173567056655884 50
1700177544832 0.3307458460330963 60
1700177545841 0.3317129909992218 70
1700177546862 0.3308437764644623 80
1700177547884 0.3308934271335602 90
1700177548902 0.3329120874404907 100
1700177549929 0.33104971051216125 110
1700177550944 0.3323359787464142 120
1700177551987 0.3312116861343384 130
1700177553004 0.3323262631893158 140
1700177554019 0.3309129476547241 150
1700177555050 0.3317047953605652 160
1700177556070 0.3482331931591034 170
1700177557085 0.33159339427948 180
1700177558120 0.3304201364517212 190
