1700170021372 2.3005285263061523 0
1700170022380 0.47534921765327454 10
1700170023389 0.3648955225944519 20
1700170024403 0.3401547372341156 30
1700170025408 0.33305513858795166 40
1700170026427 0.33173567056655884 50
1700170027432 0.3307458460330963 60
1700170028437 0.3317129909992218 70
1700170029456 0.3308437764644623 80
1700170030474 0.3308934271335602 90
1700170031494 0.3329120874404907 100
1700170032519 0.33104971051216125 110
1700170033554 0.3323359787464142 120
1700170034569 0.3312116861343384 130
1700170035573 0.3323262631893158 140
1700170036584 0.3309129476547241 150
1700170037595 0.3317047953605652 160
1700170038599 0.3482331931591034 170
1700170039604 0.33159339427948 180
1700170040604 0.3304201364517212 190
